# Blender v2.93.4 OBJ File: 'fire_essence1.blend'
# www.blender.org
mtllib spell1.mtl
o a.000
v 0.335400 0.949665 0.722335
v 0.323197 0.983000 0.676803
v 0.277665 0.949665 0.664600
v 0.289868 0.916330 0.710132
v 0.323203 0.883000 0.676797
v 0.368735 0.916335 0.689000
v 0.356532 0.949670 0.643468
v 0.311000 0.916335 0.631265
vt 0.999913 0.250043
vt 0.999913 0.500000
vt 0.749957 0.500000
vt 0.749957 0.250043
vt 0.749957 0.000087
vt 0.500000 0.250043
vt 0.500000 0.000087
vt 0.000087 0.250043
vt 0.250043 0.250043
vt 0.250043 0.500000
vt 0.000087 0.500000
vt 0.749957 0.749957
vt 0.500000 0.749957
vt 0.500000 0.500000
vn -0.5774 0.5773 0.5774
vn 0.2114 -0.5774 0.7886
vn 0.7886 0.5774 0.2114
vn -0.2114 0.5774 -0.7886
vn 0.5774 -0.5773 -0.5774
vn -0.7886 -0.5774 -0.2114
usemtl a.000
s 1
f 1/1/1 2/2/1 3/3/1 4/4/1
f 1/5/2 4/4/2 5/6/2 6/7/2
f 1/8/3 6/9/3 7/10/3 2/11/3
f 2/12/4 7/13/4 8/14/4 3/3/4
f 7/10/5 6/9/5 5/6/5 8/14/5
f 4/4/6 3/3/6 8/14/6 5/6/6
o main
v 0.561000 0.583324 0.727675
v 0.499986 0.750000 0.500014
v 0.272325 0.583324 0.439000
v 0.333338 0.416649 0.666662
v 0.500014 0.250000 0.499986
v 0.727675 0.416676 0.561000
v 0.666662 0.583351 0.333338
v 0.439000 0.416676 0.272325
vt 0.999913 0.250043
vt 0.999913 0.500000
vt 0.749957 0.500000
vt 0.749957 0.250043
vt 0.749957 0.000087
vt 0.500000 0.250043
vt 0.500000 0.000087
vt 0.000087 0.250043
vt 0.250043 0.250043
vt 0.250043 0.500000
vt 0.000087 0.500000
vt 0.749957 0.749957
vt 0.500000 0.749957
vt 0.500000 0.500000
vn -0.5774 0.5773 0.5774
vn 0.2114 -0.5774 0.7886
vn 0.7886 0.5774 0.2114
vn -0.2114 0.5774 -0.7886
vn 0.5774 -0.5773 -0.5774
vn -0.7886 -0.5774 -0.2114
usemtl main
s 1
f 9/15/7 10/16/7 11/17/7 12/18/7
f 9/19/8 12/18/8 13/20/8 14/21/8
f 9/22/9 14/23/9 15/24/9 10/25/9
f 10/26/10 15/27/10 16/28/10 11/17/10
f 15/24/11 14/23/11 13/20/11 16/28/11
f 12/18/12 11/17/12 16/28/12 13/20/12
o a.001
v 0.401900 0.910665 0.832935
v 0.389697 0.944000 0.787403
v 0.344165 0.910665 0.775200
v 0.356368 0.877330 0.820732
v 0.389703 0.844000 0.787397
v 0.435235 0.877335 0.799600
v 0.423032 0.910670 0.754067
v 0.377500 0.877335 0.741865
vt 0.999913 0.250043
vt 0.999913 0.500000
vt 0.749957 0.500000
vt 0.749957 0.250043
vt 0.749957 0.000087
vt 0.500000 0.250043
vt 0.500000 0.000087
vt 0.000087 0.250043
vt 0.250043 0.250043
vt 0.250043 0.500000
vt 0.000087 0.500000
vt 0.749957 0.749957
vt 0.500000 0.749957
vt 0.500000 0.500000
vn -0.5774 0.5773 0.5774
vn 0.2114 -0.5774 0.7886
vn 0.7886 0.5774 0.2114
vn -0.2114 0.5774 -0.7886
vn 0.5774 -0.5773 -0.5774
vn -0.7886 -0.5774 -0.2114
usemtl a.001
s 1
f 17/29/13 18/30/13 19/31/13 20/32/13
f 17/33/14 20/32/14 21/34/14 22/35/14
f 17/36/15 22/37/15 23/38/15 18/39/15
f 18/40/16 23/41/16 24/42/16 19/31/16
f 23/38/17 22/37/17 21/34/17 24/42/17
f 20/32/18 19/31/18 24/42/18 21/34/18
o a.002
v 0.531000 0.863965 0.904735
v 0.518797 0.897300 0.859203
v 0.473265 0.863965 0.847000
v 0.485468 0.830630 0.892532
v 0.518803 0.797300 0.859197
v 0.564335 0.830635 0.871400
v 0.552132 0.863970 0.825867
v 0.506600 0.830635 0.813665
vt 0.999913 0.250043
vt 0.999913 0.500000
vt 0.749957 0.500000
vt 0.749957 0.250043
vt 0.749957 0.000087
vt 0.500000 0.250043
vt 0.500000 0.000087
vt 0.000087 0.250043
vt 0.250043 0.250043
vt 0.250043 0.500000
vt 0.000087 0.500000
vt 0.749957 0.749957
vt 0.500000 0.749957
vt 0.500000 0.500000
vn -0.5774 0.5773 0.5774
vn 0.2114 -0.5774 0.7886
vn 0.7886 0.5774 0.2114
vn -0.2114 0.5774 -0.7886
vn 0.5774 -0.5773 -0.5774
vn -0.7886 -0.5774 -0.2114
usemtl a.002
s 1
f 25/43/19 26/44/19 27/45/19 28/46/19
f 25/47/20 28/46/20 29/48/20 30/49/20
f 25/50/21 30/51/21 31/52/21 26/53/21
f 26/54/22 31/55/22 32/56/22 27/45/22
f 31/52/23 30/51/23 29/48/23 32/56/23
f 28/46/24 27/45/24 32/56/24 29/48/24
o a.003
v 0.695800 0.810565 0.905935
v 0.683597 0.843900 0.860403
v 0.638065 0.810565 0.848200
v 0.650268 0.777230 0.893732
v 0.683603 0.743900 0.860397
v 0.729135 0.777235 0.872600
v 0.716932 0.810570 0.827067
v 0.671400 0.777235 0.814865
vt 0.999913 0.250043
vt 0.999913 0.500000
vt 0.749957 0.500000
vt 0.749957 0.250043
vt 0.749957 0.000087
vt 0.500000 0.250043
vt 0.500000 0.000087
vt 0.000087 0.250043
vt 0.250043 0.250043
vt 0.250043 0.500000
vt 0.000087 0.500000
vt 0.749957 0.749957
vt 0.500000 0.749957
vt 0.500000 0.500000
vn -0.5774 0.5773 0.5774
vn 0.2114 -0.5774 0.7886
vn 0.7886 0.5774 0.2114
vn -0.2114 0.5774 -0.7886
vn 0.5774 -0.5773 -0.5774
vn -0.7886 -0.5774 -0.2114
usemtl a.003
s 1
f 33/57/25 34/58/25 35/59/25 36/60/25
f 33/61/26 36/60/26 37/62/26 38/63/26
f 33/64/27 38/65/27 39/66/27 34/67/27
f 34/68/28 39/69/28 40/70/28 35/59/28
f 39/66/29 38/65/29 37/62/29 40/70/29
f 36/60/30 35/59/30 40/70/30 37/62/30
o a.004
v 0.855300 0.751365 0.823335
v 0.843097 0.784700 0.777803
v 0.797565 0.751365 0.765600
v 0.809768 0.718030 0.811132
v 0.843103 0.684700 0.777797
v 0.888635 0.718035 0.790000
v 0.876432 0.751370 0.744467
v 0.830900 0.718035 0.732265
vt 0.999913 0.250043
vt 0.999913 0.500000
vt 0.749957 0.500000
vt 0.749957 0.250043
vt 0.749957 0.000087
vt 0.500000 0.250043
vt 0.500000 0.000087
vt 0.000087 0.250043
vt 0.250043 0.250043
vt 0.250043 0.500000
vt 0.000087 0.500000
vt 0.749957 0.749957
vt 0.500000 0.749957
vt 0.500000 0.500000
vn -0.5774 0.5773 0.5774
vn 0.2114 -0.5774 0.7886
vn 0.7886 0.5774 0.2114
vn -0.2114 0.5774 -0.7886
vn 0.5774 -0.5773 -0.5774
vn -0.7886 -0.5774 -0.2114
usemtl a.004
s 1
f 41/71/31 42/72/31 43/73/31 44/74/31
f 41/75/32 44/74/32 45/76/32 46/77/32
f 41/78/33 46/79/33 47/80/33 42/81/33
f 42/82/34 47/83/34 48/84/34 43/73/34
f 47/80/35 46/79/35 45/76/35 48/84/35
f 44/74/36 43/73/36 48/84/36 45/76/36
o a.005
v 0.966000 0.687665 0.667135
v 0.953797 0.721000 0.621603
v 0.908265 0.687665 0.609400
v 0.920468 0.654330 0.654932
v 0.953803 0.621000 0.621597
v 0.999335 0.654335 0.633800
v 0.987132 0.687670 0.588267
v 0.941600 0.654335 0.576065
vt 0.999913 0.250043
vt 0.999913 0.500000
vt 0.749957 0.500000
vt 0.749957 0.250043
vt 0.749957 0.000087
vt 0.500000 0.250043
vt 0.500000 0.000087
vt 0.000087 0.250043
vt 0.250043 0.250043
vt 0.250043 0.500000
vt 0.000087 0.500000
vt 0.749957 0.749957
vt 0.500000 0.749957
vt 0.500000 0.500000
vn -0.5774 0.5773 0.5774
vn 0.2114 -0.5774 0.7886
vn 0.7886 0.5774 0.2114
vn -0.2114 0.5774 -0.7886
vn 0.5774 -0.5773 -0.5774
vn -0.7886 -0.5774 -0.2114
usemtl a.005
s 1
f 49/85/37 50/86/37 51/87/37 52/88/37
f 49/89/38 52/88/38 53/90/38 54/91/38
f 49/92/39 54/93/39 55/94/39 50/95/39
f 50/96/40 55/97/40 56/98/40 51/87/40
f 55/94/41 54/93/41 53/90/41 56/98/41
f 52/88/42 51/87/42 56/98/42 53/90/42
o a.006
v 0.995300 0.620665 0.469035
v 0.983097 0.654000 0.423503
v 0.937565 0.620665 0.411300
v 0.949768 0.587330 0.456832
v 0.983103 0.554000 0.423497
v 1.028635 0.587335 0.435700
v 1.016432 0.620670 0.390168
v 0.970900 0.587335 0.377965
vt 0.999913 0.250043
vt 0.999913 0.500000
vt 0.749957 0.500000
vt 0.749957 0.250043
vt 0.749957 0.000087
vt 0.500000 0.250043
vt 0.500000 0.000087
vt 0.000087 0.250043
vt 0.250043 0.250043
vt 0.250043 0.500000
vt 0.000087 0.500000
vt 0.749957 0.749957
vt 0.500000 0.749957
vt 0.500000 0.500000
vn -0.5774 0.5773 0.5774
vn 0.2114 -0.5774 0.7886
vn 0.7886 0.5774 0.2114
vn -0.2114 0.5774 -0.7886
vn 0.5774 -0.5773 -0.5774
vn -0.7886 -0.5774 -0.2114
usemtl a.006
s 1
f 57/99/43 58/100/43 59/101/43 60/102/43
f 57/103/44 60/102/44 61/104/44 62/105/44
f 57/106/45 62/107/45 63/108/45 58/109/45
f 58/110/46 63/111/46 64/112/46 59/101/46
f 63/108/47 62/107/47 61/104/47 64/112/47
f 60/102/48 59/101/48 64/112/48 61/104/48
o a.007
v 0.930500 0.551565 0.273835
v 0.918297 0.584900 0.228303
v 0.872765 0.551565 0.216100
v 0.884968 0.518230 0.261632
v 0.918303 0.484900 0.228297
v 0.963835 0.518235 0.240500
v 0.951632 0.551570 0.194968
v 0.906100 0.518235 0.182765
vt 0.999913 0.250043
vt 0.999913 0.500000
vt 0.749957 0.500000
vt 0.749957 0.250043
vt 0.749957 0.000087
vt 0.500000 0.250043
vt 0.500000 0.000087
vt 0.000087 0.250043
vt 0.250043 0.250043
vt 0.250043 0.500000
vt 0.000087 0.500000
vt 0.749957 0.749957
vt 0.500000 0.749957
vt 0.500000 0.500000
vn -0.5774 0.5773 0.5774
vn 0.2114 -0.5774 0.7886
vn 0.7886 0.5774 0.2114
vn -0.2114 0.5774 -0.7886
vn 0.5774 -0.5773 -0.5774
vn -0.7886 -0.5774 -0.2114
usemtl a.007
s 1
f 65/113/49 66/114/49 67/115/49 68/116/49
f 65/117/50 68/116/50 69/118/50 70/119/50
f 65/120/51 70/121/51 71/122/51 66/123/51
f 66/124/52 71/125/52 72/126/52 67/115/52
f 71/122/53 70/121/53 69/118/53 72/126/53
f 68/116/54 67/115/54 72/126/54 69/118/54
o a.008
v 0.783900 0.481765 0.127235
v 0.771697 0.515100 0.081703
v 0.726165 0.481765 0.069500
v 0.738368 0.448430 0.115032
v 0.771703 0.415100 0.081697
v 0.817235 0.448435 0.093900
v 0.805032 0.481770 0.048367
v 0.759500 0.448435 0.036165
vt 0.999913 0.250043
vt 0.999913 0.500000
vt 0.749957 0.500000
vt 0.749957 0.250043
vt 0.749957 0.000087
vt 0.500000 0.250043
vt 0.500000 0.000087
vt 0.000087 0.250043
vt 0.250043 0.250043
vt 0.250043 0.500000
vt 0.000087 0.500000
vt 0.749957 0.749957
vt 0.500000 0.749957
vt 0.500000 0.500000
vn -0.5774 0.5773 0.5774
vn 0.2114 -0.5774 0.7886
vn 0.7886 0.5774 0.2114
vn -0.2114 0.5774 -0.7886
vn 0.5774 -0.5773 -0.5774
vn -0.7886 -0.5774 -0.2114
usemtl a.008
s 1
f 73/127/55 74/128/55 75/129/55 76/130/55
f 73/131/56 76/130/56 77/132/56 78/133/56
f 73/134/57 78/135/57 79/136/57 74/137/57
f 74/138/58 79/139/58 80/140/58 75/129/58
f 79/136/59 78/135/59 77/132/59 80/140/59
f 76/130/60 75/129/60 80/140/60 77/132/60
o a.009
v 0.588700 0.412665 0.062535
v 0.576497 0.446000 0.017003
v 0.530965 0.412665 0.004800
v 0.543168 0.379330 0.050332
v 0.576503 0.346000 0.016997
v 0.622035 0.379335 0.029200
v 0.609832 0.412670 -0.016333
v 0.564300 0.379335 -0.028535
vt 0.999913 0.250043
vt 0.999913 0.500000
vt 0.749957 0.500000
vt 0.749957 0.250043
vt 0.749957 0.000087
vt 0.500000 0.250043
vt 0.500000 0.000087
vt 0.000087 0.250043
vt 0.250043 0.250043
vt 0.250043 0.500000
vt 0.000087 0.500000
vt 0.749957 0.749957
vt 0.500000 0.749957
vt 0.500000 0.500000
vn -0.5774 0.5773 0.5774
vn 0.2114 -0.5774 0.7886
vn 0.7886 0.5774 0.2114
vn -0.2114 0.5774 -0.7886
vn 0.5774 -0.5773 -0.5774
vn -0.7886 -0.5774 -0.2114
usemtl a.009
s 1
f 81/141/61 82/142/61 83/143/61 84/144/61
f 81/145/62 84/144/62 85/146/62 86/147/62
f 81/148/63 86/149/63 87/150/63 82/151/63
f 82/152/64 87/153/64 88/154/64 83/143/64
f 87/150/65 86/149/65 85/146/65 88/154/65
f 84/144/66 83/143/66 88/154/66 85/146/66
o a.010
v 0.390600 0.345665 0.091735
v 0.378397 0.379000 0.046203
v 0.332865 0.345665 0.034000
v 0.345068 0.312330 0.079532
v 0.378403 0.279000 0.046197
v 0.423935 0.312335 0.058400
v 0.411732 0.345670 0.012867
v 0.366200 0.312335 0.000665
vt 0.999913 0.250043
vt 0.999913 0.500000
vt 0.749957 0.500000
vt 0.749957 0.250043
vt 0.749957 0.000087
vt 0.500000 0.250043
vt 0.500000 0.000087
vt 0.000087 0.250043
vt 0.250043 0.250043
vt 0.250043 0.500000
vt 0.000087 0.500000
vt 0.749957 0.749957
vt 0.500000 0.749957
vt 0.500000 0.500000
vn -0.5774 0.5773 0.5774
vn 0.2114 -0.5774 0.7886
vn 0.7886 0.5774 0.2114
vn -0.2114 0.5774 -0.7886
vn 0.5774 -0.5773 -0.5774
vn -0.7886 -0.5774 -0.2114
usemtl a.010
s 1
f 89/155/67 90/156/67 91/157/67 92/158/67
f 89/159/68 92/158/68 93/160/68 94/161/68
f 89/162/69 94/163/69 95/164/69 90/165/69
f 90/166/70 95/167/70 96/168/70 91/157/70
f 95/164/71 94/163/71 93/160/71 96/168/71
f 92/158/72 91/157/72 96/168/72 93/160/72
o a.011
v 0.234400 0.281965 0.202435
v 0.222197 0.315300 0.156903
v 0.176665 0.281965 0.144700
v 0.188868 0.248630 0.190232
v 0.222203 0.215300 0.156897
v 0.267735 0.248635 0.169100
v 0.255532 0.281970 0.123567
v 0.210000 0.248635 0.111365
vt 0.999913 0.250043
vt 0.999913 0.500000
vt 0.749957 0.500000
vt 0.749957 0.250043
vt 0.749957 0.000087
vt 0.500000 0.250043
vt 0.500000 0.000087
vt 0.000087 0.250043
vt 0.250043 0.250043
vt 0.250043 0.500000
vt 0.000087 0.500000
vt 0.749957 0.749957
vt 0.500000 0.749957
vt 0.500000 0.500000
vn -0.5774 0.5773 0.5774
vn 0.2114 -0.5774 0.7886
vn 0.7886 0.5774 0.2114
vn -0.2114 0.5774 -0.7886
vn 0.5774 -0.5773 -0.5774
vn -0.7886 -0.5774 -0.2114
usemtl a.011
s 1
f 97/169/73 98/170/73 99/171/73 100/172/73
f 97/173/74 100/172/74 101/174/74 102/175/74
f 97/176/75 102/177/75 103/178/75 98/179/75
f 98/180/76 103/181/76 104/182/76 99/171/76
f 103/178/77 102/177/77 101/174/77 104/182/77
f 100/172/78 99/171/78 104/182/78 101/174/78
o a.012
v 0.151800 0.222765 0.361935
v 0.139597 0.256100 0.316403
v 0.094065 0.222765 0.304200
v 0.106268 0.189430 0.349732
v 0.139603 0.156100 0.316397
v 0.185135 0.189435 0.328600
v 0.172932 0.222770 0.283067
v 0.127400 0.189435 0.270865
vt 0.999913 0.250043
vt 0.999913 0.500000
vt 0.749957 0.500000
vt 0.749957 0.250043
vt 0.749957 0.000087
vt 0.500000 0.250043
vt 0.500000 0.000087
vt 0.000087 0.250043
vt 0.250043 0.250043
vt 0.250043 0.500000
vt 0.000087 0.500000
vt 0.749957 0.749957
vt 0.500000 0.749957
vt 0.500000 0.500000
vn -0.5774 0.5773 0.5774
vn 0.2114 -0.5774 0.7886
vn 0.7886 0.5774 0.2114
vn -0.2114 0.5774 -0.7886
vn 0.5774 -0.5773 -0.5774
vn -0.7886 -0.5774 -0.2114
usemtl a.012
s 1
f 105/183/79 106/184/79 107/185/79 108/186/79
f 105/187/80 108/186/80 109/188/80 110/189/80
f 105/190/81 110/191/81 111/192/81 106/193/81
f 106/194/82 111/195/82 112/196/82 107/185/82
f 111/192/83 110/191/83 109/188/83 112/196/83
f 108/186/84 107/185/84 112/196/84 109/188/84
o a.013
v 0.153000 0.169365 0.526735
v 0.140797 0.202700 0.481203
v 0.095265 0.169365 0.469000
v 0.107468 0.136030 0.514532
v 0.140803 0.102700 0.481197
v 0.186335 0.136035 0.493400
v 0.174132 0.169370 0.447868
v 0.128600 0.136035 0.435665
vt 0.999913 0.250043
vt 0.999913 0.500000
vt 0.749957 0.500000
vt 0.749957 0.250043
vt 0.749957 0.000087
vt 0.500000 0.250043
vt 0.500000 0.000087
vt 0.000087 0.250043
vt 0.250043 0.250043
vt 0.250043 0.500000
vt 0.000087 0.500000
vt 0.749957 0.749957
vt 0.500000 0.749957
vt 0.500000 0.500000
vn -0.5774 0.5773 0.5774
vn 0.2114 -0.5774 0.7886
vn 0.7886 0.5774 0.2114
vn -0.2114 0.5774 -0.7886
vn 0.5774 -0.5773 -0.5774
vn -0.7886 -0.5774 -0.2114
usemtl a.013
s 1
f 113/197/85 114/198/85 115/199/85 116/200/85
f 113/201/86 116/200/86 117/202/86 118/203/86
f 113/204/87 118/205/87 119/206/87 114/207/87
f 114/208/88 119/209/88 120/210/88 115/199/88
f 119/206/89 118/205/89 117/202/89 120/210/89
f 116/200/90 115/199/90 120/210/90 117/202/90
o a.014
v 0.224800 0.122665 0.655835
v 0.212597 0.156000 0.610303
v 0.167065 0.122665 0.598100
v 0.179268 0.089330 0.643632
v 0.212603 0.056000 0.610297
v 0.258135 0.089335 0.622500
v 0.245932 0.122670 0.576967
v 0.200400 0.089335 0.564765
vt 0.999913 0.250043
vt 0.999913 0.500000
vt 0.749957 0.500000
vt 0.749957 0.250043
vt 0.749957 0.000087
vt 0.500000 0.250043
vt 0.500000 0.000087
vt 0.000087 0.250043
vt 0.250043 0.250043
vt 0.250043 0.500000
vt 0.000087 0.500000
vt 0.749957 0.749957
vt 0.500000 0.749957
vt 0.500000 0.500000
vn -0.5774 0.5773 0.5774
vn 0.2114 -0.5774 0.7886
vn 0.7886 0.5774 0.2114
vn -0.2114 0.5774 -0.7886
vn 0.5774 -0.5773 -0.5774
vn -0.7886 -0.5774 -0.2114
usemtl a.014
s 1
f 121/211/91 122/212/91 123/213/91 124/214/91
f 121/215/92 124/214/92 125/216/92 126/217/92
f 121/218/93 126/219/93 127/220/93 122/221/93
f 122/222/94 127/223/94 128/224/94 123/213/94
f 127/220/95 126/219/95 125/216/95 128/224/95
f 124/214/96 123/213/96 128/224/96 125/216/96
o a.015
v 0.335400 0.083665 0.722335
v 0.323197 0.117000 0.676803
v 0.277665 0.083665 0.664600
v 0.289868 0.050330 0.710132
v 0.323203 0.017000 0.676797
v 0.368735 0.050335 0.689000
v 0.356532 0.083670 0.643468
v 0.311000 0.050335 0.631265
vt 0.999913 0.250043
vt 0.999913 0.500000
vt 0.749957 0.500000
vt 0.749957 0.250043
vt 0.749957 0.000087
vt 0.500000 0.250043
vt 0.500000 0.000087
vt 0.000087 0.250043
vt 0.250043 0.250043
vt 0.250043 0.500000
vt 0.000087 0.500000
vt 0.749957 0.749957
vt 0.500000 0.749957
vt 0.500000 0.500000
vn -0.5774 0.5773 0.5774
vn 0.2114 -0.5774 0.7886
vn 0.7886 0.5774 0.2114
vn -0.2114 0.5774 -0.7886
vn 0.5774 -0.5773 -0.5774
vn -0.7886 -0.5774 -0.2114
usemtl a.015
s 1
f 129/225/97 130/226/97 131/227/97 132/228/97
f 129/229/98 132/228/98 133/230/98 134/231/98
f 129/232/99 134/233/99 135/234/99 130/235/99
f 130/236/100 135/237/100 136/238/100 131/227/100
f 135/234/101 134/233/101 133/230/101 136/238/101
f 132/228/102 131/227/102 136/238/102 133/230/102
o b.000
v 0.774835 0.949665 0.531367
v 0.741504 0.983000 0.564701
v 0.753702 0.949665 0.610234
v 0.787033 0.916330 0.576901
v 0.741496 0.883000 0.564699
v 0.729298 0.916335 0.519166
v 0.695967 0.949670 0.552500
v 0.708166 0.916335 0.598033
vt 0.999913 0.250043
vt 0.999913 0.500000
vt 0.749957 0.500000
vt 0.749957 0.250043
vt 0.749957 0.000087
vt 0.500000 0.250043
vt 0.500000 0.000087
vt 0.000087 0.250043
vt 0.250043 0.250043
vt 0.250043 0.500000
vt 0.000087 0.500000
vt 0.749957 0.749957
vt 0.500000 0.749957
vt 0.500000 0.500000
vn 0.7887 0.5773 0.2113
vn 0.5773 -0.5774 -0.5774
vn -0.2113 0.5774 -0.7887
vn -0.5773 0.5774 0.5774
vn -0.7887 -0.5773 -0.2113
vn 0.2113 -0.5774 0.7887
usemtl b.000
s 1
f 137/239/103 138/240/103 139/241/103 140/242/103
f 137/243/104 140/242/104 141/244/104 142/245/104
f 137/246/105 142/247/105 143/248/105 138/249/105
f 138/250/106 143/251/106 144/252/106 139/241/106
f 143/248/107 142/247/107 141/244/107 144/252/107
f 140/242/108 139/241/108 144/252/108 141/244/108
o b.001
v 0.837367 0.910665 0.418476
v 0.804036 0.944000 0.451810
v 0.816234 0.910665 0.497344
v 0.849565 0.877330 0.464010
v 0.804029 0.844000 0.451808
v 0.791830 0.877335 0.406275
v 0.758499 0.910670 0.439609
v 0.770698 0.877335 0.485142
vt 0.999913 0.250043
vt 0.999913 0.500000
vt 0.749957 0.500000
vt 0.749957 0.250043
vt 0.749957 0.000087
vt 0.500000 0.250043
vt 0.500000 0.000087
vt 0.000087 0.250043
vt 0.250043 0.250043
vt 0.250043 0.500000
vt 0.000087 0.500000
vt 0.749957 0.749957
vt 0.500000 0.749957
vt 0.500000 0.500000
vn 0.7887 0.5773 0.2113
vn 0.5773 -0.5774 -0.5774
vn -0.2113 0.5774 -0.7887
vn -0.5773 0.5774 0.5774
vn -0.7887 -0.5773 -0.2113
vn 0.2113 -0.5774 0.7887
usemtl b.001
s 1
f 145/253/109 146/254/109 147/255/109 148/256/109
f 145/257/110 148/256/110 149/258/110 150/259/110
f 145/260/111 150/261/111 151/262/111 146/263/111
f 146/264/112 151/265/112 152/266/112 147/255/112
f 151/262/113 150/261/113 149/258/113 152/266/113
f 148/256/114 147/255/114 152/266/114 149/258/114
o b.002
v 0.834997 0.863965 0.270773
v 0.801667 0.897300 0.304107
v 0.813865 0.863965 0.349640
v 0.847196 0.830630 0.316306
v 0.801659 0.797300 0.304105
v 0.789461 0.830635 0.258571
v 0.756130 0.863970 0.291905
v 0.768328 0.830635 0.337439
vt 0.999913 0.250043
vt 0.999913 0.500000
vt 0.749957 0.500000
vt 0.749957 0.250043
vt 0.749957 0.000087
vt 0.500000 0.250043
vt 0.500000 0.000087
vt 0.000087 0.250043
vt 0.250043 0.250043
vt 0.250043 0.500000
vt 0.000087 0.500000
vt 0.749957 0.749957
vt 0.500000 0.749957
vt 0.500000 0.500000
vn 0.7887 0.5773 0.2113
vn 0.5773 -0.5774 -0.5774
vn -0.2113 0.5774 -0.7887
vn -0.5773 0.5774 0.5774
vn -0.7887 -0.5773 -0.2113
vn 0.2113 -0.5774 0.7887
usemtl b.002
s 1
f 153/267/115 154/268/115 155/269/115 156/270/115
f 153/271/116 156/270/116 157/272/116 158/273/116
f 153/274/117 158/275/117 159/276/117 154/277/117
f 154/278/118 159/279/118 160/280/118 155/269/118
f 159/276/119 158/275/119 157/272/119 160/280/119
f 156/270/120 155/269/120 160/280/120 157/272/120
o b.003
v 0.753637 0.810565 0.127451
v 0.720306 0.843900 0.160786
v 0.732504 0.810565 0.206319
v 0.765835 0.777230 0.172985
v 0.720298 0.743900 0.160783
v 0.708100 0.777235 0.115250
v 0.674769 0.810570 0.148584
v 0.686968 0.777235 0.194117
vt 0.999913 0.250043
vt 0.999913 0.500000
vt 0.749957 0.500000
vt 0.749957 0.250043
vt 0.749957 0.000087
vt 0.500000 0.250043
vt 0.500000 0.000087
vt 0.000087 0.250043
vt 0.250043 0.250043
vt 0.250043 0.500000
vt 0.000087 0.500000
vt 0.749957 0.749957
vt 0.500000 0.749957
vt 0.500000 0.500000
vn 0.7887 0.5773 0.2113
vn 0.5773 -0.5774 -0.5774
vn -0.2113 0.5774 -0.7887
vn -0.5773 0.5774 0.5774
vn -0.7887 -0.5773 -0.2113
vn 0.2113 -0.5774 0.7887
usemtl b.003
s 1
f 161/281/121 162/282/121 163/283/121 164/284/121
f 161/285/122 164/284/122 165/286/122 166/287/122
f 161/288/123 166/289/123 167/290/123 162/291/123
f 162/292/124 167/293/124 168/294/124 163/283/124
f 167/290/125 166/289/125 165/286/125 168/294/125
f 164/284/126 163/283/126 168/294/126 165/286/126
o b.004
v 0.602353 0.751365 0.030621
v 0.569022 0.784700 0.063955
v 0.581221 0.751365 0.109488
v 0.614551 0.718030 0.076154
v 0.569015 0.684700 0.063952
v 0.556816 0.718035 0.018419
v 0.523486 0.751370 0.051753
v 0.535684 0.718035 0.097287
vt 0.999913 0.250043
vt 0.999913 0.500000
vt 0.749957 0.500000
vt 0.749957 0.250043
vt 0.749957 0.000087
vt 0.500000 0.250043
vt 0.500000 0.000087
vt 0.000087 0.250043
vt 0.250043 0.250043
vt 0.250043 0.500000
vt 0.000087 0.500000
vt 0.749957 0.749957
vt 0.500000 0.749957
vt 0.500000 0.500000
vn 0.7887 0.5773 0.2113
vn 0.5773 -0.5774 -0.5774
vn -0.2113 0.5774 -0.7887
vn -0.5773 0.5774 0.5774
vn -0.7887 -0.5773 -0.2113
vn 0.2113 -0.5774 0.7887
usemtl b.004
s 1
f 169/295/127 170/296/127 171/297/127 172/298/127
f 169/299/128 172/298/128 173/300/128 174/301/128
f 169/302/129 174/303/129 175/304/129 170/305/129
f 170/306/130 175/307/130 176/308/130 171/297/130
f 175/304/131 174/303/131 173/300/131 176/308/131
f 172/298/132 171/297/132 176/308/132 173/300/132
o b.005
v 0.411730 0.687665 0.012851
v 0.378399 0.721000 0.046185
v 0.390597 0.687665 0.091719
v 0.423928 0.654330 0.058385
v 0.378391 0.621000 0.046183
v 0.366193 0.654335 0.000650
v 0.332862 0.687670 0.033984
v 0.345061 0.654335 0.079517
vt 0.999913 0.250043
vt 0.999913 0.500000
vt 0.749957 0.500000
vt 0.749957 0.250043
vt 0.749957 0.000087
vt 0.500000 0.250043
vt 0.500000 0.000087
vt 0.000087 0.250043
vt 0.250043 0.250043
vt 0.250043 0.500000
vt 0.000087 0.500000
vt 0.749957 0.749957
vt 0.500000 0.749957
vt 0.500000 0.500000
vn 0.7887 0.5773 0.2113
vn 0.5773 -0.5774 -0.5774
vn -0.2113 0.5774 -0.7887
vn -0.5773 0.5774 0.5774
vn -0.7887 -0.5773 -0.2113
vn 0.2113 -0.5774 0.7887
usemtl b.005
s 1
f 177/309/133 178/310/133 179/311/133 180/312/133
f 177/313/134 180/312/134 181/314/134 182/315/134
f 177/316/135 182/317/135 183/318/135 178/319/135
f 178/320/136 183/321/136 184/322/136 179/311/136
f 183/318/137 182/317/137 181/314/137 184/322/137
f 180/312/138 179/311/138 184/322/138 181/314/138
o b.006
v 0.225520 0.620665 0.086527
v 0.192189 0.654000 0.119861
v 0.204388 0.620665 0.165394
v 0.237719 0.587330 0.132060
v 0.192182 0.554000 0.119859
v 0.179984 0.587335 0.074325
v 0.146653 0.620670 0.107659
v 0.158851 0.587335 0.153193
vt 0.999913 0.250043
vt 0.999913 0.500000
vt 0.749957 0.500000
vt 0.749957 0.250043
vt 0.749957 0.000087
vt 0.500000 0.250043
vt 0.500000 0.000087
vt 0.000087 0.250043
vt 0.250043 0.250043
vt 0.250043 0.500000
vt 0.000087 0.500000
vt 0.749957 0.749957
vt 0.500000 0.749957
vt 0.500000 0.500000
vn 0.7887 0.5773 0.2113
vn 0.5773 -0.5774 -0.5774
vn -0.2113 0.5774 -0.7887
vn -0.5773 0.5774 0.5774
vn -0.7887 -0.5773 -0.2113
vn 0.2113 -0.5774 0.7887
usemtl b.006
s 1
f 185/323/139 186/324/139 187/325/139 188/326/139
f 185/327/140 188/326/140 189/328/140 190/329/140
f 185/330/141 190/331/141 191/332/141 186/333/141
f 186/334/142 191/335/142 192/336/142 187/325/142
f 191/332/143 190/331/143 189/328/143 192/336/143
f 188/326/144 187/325/144 192/336/144 189/328/144
o b.007
v 0.088872 0.551565 0.240245
v 0.055541 0.584900 0.273579
v 0.067740 0.551565 0.319113
v 0.101070 0.518230 0.285779
v 0.055534 0.484900 0.273577
v 0.043336 0.518235 0.228044
v 0.010005 0.551570 0.261378
v 0.022203 0.518235 0.306911
vt 0.999913 0.250043
vt 0.999913 0.500000
vt 0.749957 0.500000
vt 0.749957 0.250043
vt 0.749957 0.000087
vt 0.500000 0.250043
vt 0.500000 0.000087
vt 0.000087 0.250043
vt 0.250043 0.250043
vt 0.250043 0.500000
vt 0.000087 0.500000
vt 0.749957 0.749957
vt 0.500000 0.749957
vt 0.500000 0.500000
vn 0.7887 0.5773 0.2113
vn 0.5773 -0.5774 -0.5774
vn -0.2113 0.5774 -0.7887
vn -0.5773 0.5774 0.5774
vn -0.7887 -0.5773 -0.2113
vn 0.2113 -0.5774 0.7887
usemtl b.007
s 1
f 193/337/145 194/338/145 195/339/145 196/340/145
f 193/341/146 196/340/146 197/342/146 198/343/146
f 193/344/147 198/345/147 199/346/147 194/347/147
f 194/348/148 199/349/148 200/350/148 195/339/148
f 199/346/149 198/345/149 197/342/149 200/350/149
f 196/340/150 195/339/150 200/350/150 197/342/150
o b.008
v 0.035213 0.481765 0.440505
v 0.001882 0.515100 0.473839
v 0.014080 0.481765 0.519372
v 0.047411 0.448430 0.486038
v 0.001874 0.415100 0.473837
v -0.010324 0.448435 0.428303
v -0.043655 0.481770 0.461637
v -0.031456 0.448435 0.507171
vt 0.999913 0.250043
vt 0.999913 0.500000
vt 0.749957 0.500000
vt 0.749957 0.250043
vt 0.749957 0.000087
vt 0.500000 0.250043
vt 0.500000 0.000087
vt 0.000087 0.250043
vt 0.250043 0.250043
vt 0.250043 0.500000
vt 0.000087 0.500000
vt 0.749957 0.749957
vt 0.500000 0.749957
vt 0.500000 0.500000
vn 0.7887 0.5773 0.2113
vn 0.5773 -0.5774 -0.5774
vn -0.2113 0.5774 -0.7887
vn -0.5773 0.5774 0.5774
vn -0.7887 -0.5773 -0.2113
vn 0.2113 -0.5774 0.7887
usemtl b.008
s 1
f 201/351/151 202/352/151 203/353/151 204/354/151
f 201/355/152 204/354/152 205/356/152 206/357/152
f 201/358/153 206/359/153 207/360/153 202/361/153
f 202/362/154 207/363/154 208/364/154 203/353/154
f 207/360/155 206/359/155 205/356/155 208/364/155
f 204/354/156 203/353/156 208/364/156 205/356/156
o b.009
v 0.076781 0.412665 0.641903
v 0.043450 0.446000 0.675237
v 0.055648 0.412665 0.720770
v 0.088979 0.379330 0.687436
v 0.043443 0.346000 0.675235
v 0.031244 0.379335 0.629701
v -0.002087 0.412670 0.663035
v 0.010112 0.379335 0.708569
vt 0.999913 0.250043
vt 0.999913 0.500000
vt 0.749957 0.500000
vt 0.749957 0.250043
vt 0.749957 0.000087
vt 0.500000 0.250043
vt 0.500000 0.000087
vt 0.000087 0.250043
vt 0.250043 0.250043
vt 0.250043 0.500000
vt 0.000087 0.500000
vt 0.749957 0.749957
vt 0.500000 0.749957
vt 0.500000 0.500000
vn 0.7887 0.5773 0.2113
vn 0.5773 -0.5774 -0.5774
vn -0.2113 0.5774 -0.7887
vn -0.5773 0.5774 0.5774
vn -0.7887 -0.5773 -0.2113
vn 0.2113 -0.5774 0.7887
usemtl b.009
s 1
f 209/365/157 210/366/157 211/367/157 212/368/157
f 209/369/158 212/368/158 213/370/158 214/371/158
f 209/372/159 214/373/159 215/374/159 210/375/159
f 210/376/160 215/377/160 216/378/160 211/367/160
f 215/374/161 214/373/161 213/370/161 216/378/161
f 212/368/162 211/367/162 216/378/162 213/370/162
o b.010
v 0.201119 0.345665 0.798863
v 0.167788 0.379000 0.832197
v 0.179986 0.345665 0.877730
v 0.213317 0.312330 0.844396
v 0.167780 0.279000 0.832195
v 0.155582 0.312335 0.786661
v 0.122251 0.345670 0.819995
v 0.134450 0.312335 0.865529
vt 0.999913 0.250043
vt 0.999913 0.500000
vt 0.749957 0.500000
vt 0.749957 0.250043
vt 0.749957 0.000087
vt 0.500000 0.250043
vt 0.500000 0.000087
vt 0.000087 0.250043
vt 0.250043 0.250043
vt 0.250043 0.500000
vt 0.000087 0.500000
vt 0.749957 0.749957
vt 0.500000 0.749957
vt 0.500000 0.500000
vn 0.7887 0.5773 0.2113
vn 0.5773 -0.5774 -0.5774
vn -0.2113 0.5774 -0.7887
vn -0.5773 0.5774 0.5774
vn -0.7887 -0.5773 -0.2113
vn 0.2113 -0.5774 0.7887
usemtl b.010
s 1
f 217/379/163 218/380/163 219/381/163 220/382/163
f 217/383/164 220/382/164 221/384/164 222/385/164
f 217/386/165 222/387/165 223/388/165 218/389/165
f 218/390/166 223/391/166 224/392/166 219/381/166
f 223/388/167 222/387/167 221/384/167 224/392/167
f 220/382/168 219/381/168 224/392/168 221/384/168
o b.011
v 0.375088 0.281965 0.878786
v 0.341757 0.315300 0.912120
v 0.353955 0.281965 0.957653
v 0.387286 0.248630 0.924319
v 0.341749 0.215300 0.912118
v 0.329551 0.248635 0.866584
v 0.296220 0.281970 0.899918
v 0.308419 0.248635 0.945452
vt 0.999913 0.250043
vt 0.999913 0.500000
vt 0.749957 0.500000
vt 0.749957 0.250043
vt 0.749957 0.000087
vt 0.500000 0.250043
vt 0.500000 0.000087
vt 0.000087 0.250043
vt 0.250043 0.250043
vt 0.250043 0.500000
vt 0.000087 0.500000
vt 0.749957 0.749957
vt 0.500000 0.749957
vt 0.500000 0.500000
vn 0.7887 0.5773 0.2113
vn 0.5773 -0.5774 -0.5774
vn -0.2113 0.5774 -0.7887
vn -0.5773 0.5774 0.5774
vn -0.7887 -0.5773 -0.2113
vn 0.2113 -0.5774 0.7887
usemtl b.011
s 1
f 225/393/169 226/394/169 227/395/169 228/396/169
f 225/397/170 228/396/170 229/398/170 230/399/170
f 225/400/171 230/401/171 231/402/171 226/403/171
f 226/404/172 231/405/172 232/406/172 227/395/172
f 231/402/173 230/401/173 229/398/173 232/406/173
f 228/396/174 227/395/174 232/406/174 229/398/174
o b.012
v 0.554519 0.222765 0.870569
v 0.521188 0.256100 0.903903
v 0.533386 0.222765 0.949437
v 0.566717 0.189430 0.916103
v 0.521181 0.156100 0.903901
v 0.508982 0.189435 0.858368
v 0.475651 0.222770 0.891702
v 0.487850 0.189435 0.937235
vt 0.999913 0.250043
vt 0.999913 0.500000
vt 0.749957 0.500000
vt 0.749957 0.250043
vt 0.749957 0.000087
vt 0.500000 0.250043
vt 0.500000 0.000087
vt 0.000087 0.250043
vt 0.250043 0.250043
vt 0.250043 0.500000
vt 0.000087 0.500000
vt 0.749957 0.749957
vt 0.500000 0.749957
vt 0.500000 0.500000
vn 0.7887 0.5773 0.2113
vn 0.5773 -0.5774 -0.5774
vn -0.2113 0.5774 -0.7887
vn -0.5773 0.5774 0.5774
vn -0.7887 -0.5773 -0.2113
vn 0.2113 -0.5774 0.7887
usemtl b.012
s 1
f 233/407/175 234/408/175 235/409/175 236/410/175
f 233/411/176 236/410/176 237/412/176 238/413/176
f 233/414/177 238/415/177 239/416/177 234/417/177
f 234/418/178 239/419/178 240/420/178 235/409/178
f 239/416/179 238/415/179 237/412/179 240/420/179
f 236/410/180 235/409/180 240/420/180 237/412/180
o b.013
v 0.696640 0.169365 0.787130
v 0.663309 0.202700 0.820464
v 0.675507 0.169365 0.865998
v 0.708838 0.136030 0.832664
v 0.663302 0.102700 0.820462
v 0.651103 0.136035 0.774929
v 0.617773 0.169370 0.808263
v 0.629971 0.136035 0.853796
vt 0.999913 0.250043
vt 0.999913 0.500000
vt 0.749957 0.500000
vt 0.749957 0.250043
vt 0.749957 0.000087
vt 0.500000 0.250043
vt 0.500000 0.000087
vt 0.000087 0.250043
vt 0.250043 0.250043
vt 0.250043 0.500000
vt 0.000087 0.500000
vt 0.749957 0.749957
vt 0.500000 0.749957
vt 0.500000 0.500000
vn 0.7887 0.5773 0.2113
vn 0.5773 -0.5774 -0.5774
vn -0.2113 0.5774 -0.7887
vn -0.5773 0.5774 0.5774
vn -0.7887 -0.5773 -0.2113
vn 0.2113 -0.5774 0.7887
usemtl b.013
s 1
f 241/421/181 242/422/181 243/423/181 244/424/181
f 241/425/182 244/424/182 245/426/182 246/427/182
f 241/428/183 246/429/183 247/430/183 242/431/183
f 242/432/184 247/433/184 248/434/184 243/423/184
f 247/430/185 246/429/185 245/426/185 248/434/185
f 244/424/186 243/423/186 248/434/186 245/426/186
o b.014
v 0.772544 0.122665 0.660399
v 0.739213 0.156000 0.693734
v 0.751411 0.122665 0.739267
v 0.784742 0.089330 0.705933
v 0.739205 0.056000 0.693731
v 0.727007 0.089335 0.648198
v 0.693676 0.122670 0.681532
v 0.705875 0.089335 0.727066
vt 0.999913 0.250043
vt 0.999913 0.500000
vt 0.749957 0.500000
vt 0.749957 0.250043
vt 0.749957 0.000087
vt 0.500000 0.250043
vt 0.500000 0.000087
vt 0.000087 0.250043
vt 0.250043 0.250043
vt 0.250043 0.500000
vt 0.000087 0.500000
vt 0.749957 0.749957
vt 0.500000 0.749957
vt 0.500000 0.500000
vn 0.7887 0.5773 0.2113
vn 0.5773 -0.5774 -0.5774
vn -0.2113 0.5774 -0.7887
vn -0.5773 0.5774 0.5774
vn -0.7887 -0.5773 -0.2113
vn 0.2113 -0.5774 0.7887
usemtl b.014
s 1
f 249/435/187 250/436/187 251/437/187 252/438/187
f 249/439/188 252/438/188 253/440/188 254/441/188
f 249/442/189 254/443/189 255/444/189 250/445/189
f 250/446/190 255/447/190 256/448/190 251/437/190
f 255/444/191 254/443/191 253/440/191 256/448/191
f 252/438/192 251/437/192 256/448/192 253/440/192
o b.015
v 0.774835 0.083665 0.531367
v 0.741504 0.117000 0.564701
v 0.753702 0.083665 0.610235
v 0.787033 0.050330 0.576901
v 0.741496 0.017000 0.564699
v 0.729298 0.050335 0.519166
v 0.695967 0.083670 0.552500
v 0.708166 0.050335 0.598033
vt 0.999913 0.250043
vt 0.999913 0.500000
vt 0.749957 0.500000
vt 0.749957 0.250043
vt 0.749957 0.000087
vt 0.500000 0.250043
vt 0.500000 0.000087
vt 0.000087 0.250043
vt 0.250043 0.250043
vt 0.250043 0.500000
vt 0.000087 0.500000
vt 0.749957 0.749957
vt 0.500000 0.749957
vt 0.500000 0.500000
vn 0.7887 0.5773 0.2113
vn 0.5773 -0.5774 -0.5774
vn -0.2113 0.5774 -0.7887
vn -0.5773 0.5774 0.5774
vn -0.7887 -0.5773 -0.2113
vn 0.2113 -0.5774 0.7887
usemtl b.015
s 1
f 257/449/193 258/450/193 259/451/193 260/452/193
f 257/453/194 260/452/194 261/454/194 262/455/194
f 257/456/195 262/457/195 263/458/195 258/459/195
f 258/460/196 263/461/196 264/462/196 259/451/196
f 263/458/197 262/457/197 261/454/197 264/462/197
f 260/452/198 259/451/198 264/462/198 261/454/198
o c.000
v 0.389766 0.949665 0.246298
v 0.435299 0.983000 0.258496
v 0.468633 0.949665 0.225166
v 0.423099 0.916330 0.212967
v 0.435301 0.883000 0.258504
v 0.401967 0.916335 0.291834
v 0.447500 0.949670 0.304033
v 0.480834 0.916335 0.270702
vt 0.999913 0.250043
vt 0.999913 0.500000
vt 0.749957 0.500000
vt 0.749957 0.250043
vt 0.749957 0.000087
vt 0.500000 0.250043
vt 0.500000 0.000087
vt 0.000087 0.250043
vt 0.250043 0.250043
vt 0.250043 0.500000
vt 0.000087 0.500000
vt 0.749957 0.749957
vt 0.500000 0.749957
vt 0.500000 0.500000
vn -0.2113 0.5773 -0.7887
vn -0.7887 -0.5774 -0.2113
vn -0.5774 0.5774 0.5773
vn 0.7887 0.5774 0.2113
vn 0.2113 -0.5773 0.7887
vn 0.5774 -0.5774 -0.5773
usemtl c.000
s 1
f 265/463/199 266/464/199 267/465/199 268/466/199
f 265/467/200 268/466/200 269/468/200 270/469/200
f 265/470/201 270/471/201 271/472/201 266/473/201
f 266/474/202 271/475/202 272/476/202 267/465/202
f 271/472/203 270/471/203 269/468/203 272/476/203
f 268/466/204 267/465/204 272/476/204 269/468/204
o c.001
v 0.260733 0.910665 0.248589
v 0.306267 0.944000 0.260787
v 0.339601 0.910665 0.227456
v 0.294067 0.877330 0.215258
v 0.306269 0.844000 0.260795
v 0.272935 0.877335 0.294125
v 0.318468 0.910670 0.306324
v 0.351802 0.877335 0.272993
vt 0.999913 0.250043
vt 0.999913 0.500000
vt 0.749957 0.500000
vt 0.749957 0.250043
vt 0.749957 0.000087
vt 0.500000 0.250043
vt 0.500000 0.000087
vt 0.000087 0.250043
vt 0.250043 0.250043
vt 0.250043 0.500000
vt 0.000087 0.500000
vt 0.749957 0.749957
vt 0.500000 0.749957
vt 0.500000 0.500000
vn -0.2113 0.5773 -0.7887
vn -0.7887 -0.5774 -0.2113
vn -0.5774 0.5774 0.5773
vn 0.7887 0.5774 0.2113
vn 0.2113 -0.5773 0.7887
vn 0.5774 -0.5774 -0.5773
usemtl c.001
s 1
f 273/477/205 274/478/205 275/479/205 276/480/205
f 273/481/206 276/480/206 277/482/206 278/483/206
f 273/484/207 278/485/207 279/486/207 274/487/207
f 274/488/208 279/489/208 280/490/208 275/479/208
f 279/486/209 278/485/209 277/482/209 280/490/209
f 276/480/210 275/479/210 280/490/210 277/482/210
o c.002
v 0.134003 0.863965 0.324493
v 0.179536 0.897300 0.336691
v 0.212870 0.863965 0.303360
v 0.167337 0.830630 0.291162
v 0.179538 0.797300 0.336699
v 0.146204 0.830635 0.370029
v 0.191738 0.863970 0.382228
v 0.225072 0.830635 0.348897
vt 0.999913 0.250043
vt 0.999913 0.500000
vt 0.749957 0.500000
vt 0.749957 0.250043
vt 0.749957 0.000087
vt 0.500000 0.250043
vt 0.500000 0.000087
vt 0.000087 0.250043
vt 0.250043 0.250043
vt 0.250043 0.500000
vt 0.000087 0.500000
vt 0.749957 0.749957
vt 0.500000 0.749957
vt 0.500000 0.500000
vn -0.2113 0.5773 -0.7887
vn -0.7887 -0.5774 -0.2113
vn -0.5774 0.5774 0.5773
vn 0.7887 0.5774 0.2113
vn 0.2113 -0.5773 0.7887
vn 0.5774 -0.5774 -0.5773
usemtl c.002
s 1
f 281/491/211 282/492/211 283/493/211 284/494/211
f 281/495/212 284/494/212 285/496/212 286/497/212
f 281/498/213 286/499/213 287/500/213 282/501/213
f 282/502/214 287/503/214 288/504/214 283/493/214
f 287/500/215 286/499/215 285/496/215 288/504/215
f 284/494/216 283/493/216 288/504/216 285/496/216
o c.003
v 0.050563 0.810565 0.466614
v 0.096097 0.843900 0.478812
v 0.129431 0.810565 0.445481
v 0.083897 0.777230 0.433283
v 0.096099 0.743900 0.478819
v 0.062765 0.777235 0.512150
v 0.108298 0.810570 0.524349
v 0.141632 0.777235 0.491018
vt 0.999913 0.250043
vt 0.999913 0.500000
vt 0.749957 0.500000
vt 0.749957 0.250043
vt 0.749957 0.000087
vt 0.500000 0.250043
vt 0.500000 0.000087
vt 0.000087 0.250043
vt 0.250043 0.250043
vt 0.250043 0.500000
vt 0.000087 0.500000
vt 0.749957 0.749957
vt 0.500000 0.749957
vt 0.500000 0.500000
vn -0.2113 0.5773 -0.7887
vn -0.7887 -0.5774 -0.2113
vn -0.5774 0.5774 0.5773
vn 0.7887 0.5774 0.2113
vn 0.2113 -0.5773 0.7887
vn 0.5774 -0.5774 -0.5773
usemtl c.003
s 1
f 289/505/217 290/506/217 291/507/217 292/508/217
f 289/509/218 292/508/218 293/510/218 294/511/218
f 289/512/219 294/513/219 295/514/219 290/515/219
f 290/516/220 295/517/220 296/518/220 291/507/220
f 295/514/221 294/513/221 293/510/221 296/518/221
f 292/508/222 291/507/222 296/518/222 293/510/222
o c.004
v 0.042347 0.751365 0.646045
v 0.087880 0.784700 0.658243
v 0.121214 0.751365 0.624912
v 0.075681 0.718030 0.612714
v 0.087882 0.684700 0.658250
v 0.054548 0.718035 0.691581
v 0.100082 0.751370 0.703780
v 0.133416 0.718035 0.670449
vt 0.999913 0.250043
vt 0.999913 0.500000
vt 0.749957 0.500000
vt 0.749957 0.250043
vt 0.749957 0.000087
vt 0.500000 0.250043
vt 0.500000 0.000087
vt 0.000087 0.250043
vt 0.250043 0.250043
vt 0.250043 0.500000
vt 0.000087 0.500000
vt 0.749957 0.749957
vt 0.500000 0.749957
vt 0.500000 0.500000
vn -0.2113 0.5773 -0.7887
vn -0.7887 -0.5774 -0.2113
vn -0.5774 0.5774 0.5773
vn 0.7887 0.5774 0.2113
vn 0.2113 -0.5773 0.7887
vn 0.5774 -0.5774 -0.5773
usemtl c.004
s 1
f 297/519/223 298/520/223 299/521/223 300/522/223
f 297/523/224 300/522/224 301/524/224 302/525/224
f 297/526/225 302/527/225 303/528/225 298/529/225
f 298/530/226 303/531/226 304/532/226 299/521/226
f 303/528/227 302/527/227 301/524/227 304/532/227
f 300/522/228 299/521/228 304/532/228 301/524/228
o c.005
v 0.122270 0.687665 0.820014
v 0.167804 0.721000 0.832212
v 0.201138 0.687665 0.798881
v 0.155604 0.654330 0.786683
v 0.167806 0.621000 0.832220
v 0.134472 0.654335 0.865550
v 0.180005 0.687670 0.877749
v 0.213339 0.654335 0.844418
vt 0.999913 0.250043
vt 0.999913 0.500000
vt 0.749957 0.500000
vt 0.749957 0.250043
vt 0.749957 0.000087
vt 0.500000 0.250043
vt 0.500000 0.000087
vt 0.000087 0.250043
vt 0.250043 0.250043
vt 0.250043 0.500000
vt 0.000087 0.500000
vt 0.749957 0.749957
vt 0.500000 0.749957
vt 0.500000 0.500000
vn -0.2113 0.5773 -0.7887
vn -0.7887 -0.5774 -0.2113
vn -0.5774 0.5774 0.5773
vn 0.7887 0.5774 0.2113
vn 0.2113 -0.5773 0.7887
vn 0.5774 -0.5774 -0.5773
usemtl c.005
s 1
f 305/533/229 306/534/229 307/535/229 308/536/229
f 305/537/230 308/536/230 309/538/230 310/539/230
f 305/540/231 310/541/231 311/542/231 306/543/231
f 306/544/232 311/545/232 312/546/232 307/535/232
f 311/542/233 310/541/233 309/538/233 312/546/233
f 308/536/234 307/535/234 312/546/234 309/538/234
o c.006
v 0.279180 0.620665 0.944438
v 0.324713 0.654000 0.956636
v 0.358047 0.620665 0.923306
v 0.312514 0.587330 0.911107
v 0.324715 0.554000 0.956644
v 0.291381 0.587335 0.989975
v 0.336915 0.620670 1.002173
v 0.370249 0.587335 0.968842
vt 0.999913 0.250043
vt 0.999913 0.500000
vt 0.749957 0.500000
vt 0.749957 0.250043
vt 0.749957 0.000087
vt 0.500000 0.250043
vt 0.500000 0.000087
vt 0.000087 0.250043
vt 0.250043 0.250043
vt 0.250043 0.500000
vt 0.000087 0.500000
vt 0.749957 0.749957
vt 0.500000 0.749957
vt 0.500000 0.500000
vn -0.2113 0.5773 -0.7887
vn -0.7887 -0.5774 -0.2113
vn -0.5774 0.5774 0.5773
vn 0.7887 0.5774 0.2113
vn 0.2113 -0.5773 0.7887
vn 0.5774 -0.5774 -0.5773
usemtl c.006
s 1
f 313/547/235 314/548/235 315/549/235 316/550/235
f 313/551/236 316/550/236 317/552/236 318/553/236
f 313/554/237 318/555/237 319/556/237 314/557/237
f 314/558/238 319/559/238 320/560/238 315/549/238
f 319/556/239 318/555/239 317/552/239 320/560/239
f 316/550/240 315/549/240 320/560/240 317/552/240
o c.007
v 0.480628 0.551565 0.985920
v 0.526161 0.584900 0.998118
v 0.559495 0.551565 0.964787
v 0.513962 0.518230 0.952589
v 0.526163 0.484900 0.998126
v 0.492829 0.518235 1.031456
v 0.538363 0.551570 1.043655
v 0.571697 0.518235 1.010324
vt 0.999913 0.250043
vt 0.999913 0.500000
vt 0.749957 0.500000
vt 0.749957 0.250043
vt 0.749957 0.000087
vt 0.500000 0.250043
vt 0.500000 0.000087
vt 0.000087 0.250043
vt 0.250043 0.250043
vt 0.250043 0.500000
vt 0.000087 0.500000
vt 0.749957 0.749957
vt 0.500000 0.749957
vt 0.500000 0.500000
vn -0.2113 0.5773 -0.7887
vn -0.7887 -0.5774 -0.2113
vn -0.5774 0.5774 0.5773
vn 0.7887 0.5774 0.2113
vn 0.2113 -0.5773 0.7887
vn 0.5774 -0.5774 -0.5773
